> python -m src.tcal example/anthracene/anthracene.xyz -a -o
-----------------------------
 tcal-pyscf 1.0 (2025.04.05)
-----------------------------

Input File Name: example/anthracene/anthracene.xyz
Timestamp: Sat Apr 05 14:12:53 2025

converged SCF energy = -539.387826655907
converged SCF energy = -539.387826655907
converged SCF energy = -1078.77804526257

--------------------
 Transfer Integrals
--------------------
NLUMO      -9.517       meV
 LUMO      38.445       meV
 HOMO     -42.802       meV
NHOMO       2.596       meV

-------------------------------
 Atomic Pair Transfer Analysis
-------------------------------
  atom             25C             26H             27C             28C             29H             30C             31H             32C             33C             34H             35C             36H             37C             38H             39C             40C             41H             42C             43H             44C            45C              46H             47C             48H             sum
   1C              -0.034          -0.000           0.041           0.007           0.000          -0.053          -0.000           0.164          -0.017           0.000          -0.067          -0.000         -24.573          -0.127          -2.663           9.001           0.144           0.859           0.000          -1.269          1.254            0.010           0.041           0.000         -17.281
   2H              -0.005           0.000          -0.003           0.001           0.000          -0.000          -0.000          -0.007           0.002          -0.000           0.002          -0.000          -0.127           0.005           0.003           0.005          -0.001          -0.018          -0.000           0.014         -0.020           -0.000          -0.001           0.000          -0.151
   3C               0.051           0.000           0.004          -0.011          -0.000          -0.001          -0.000           0.000           0.005           0.000          -0.007          -0.000          -2.663           0.003          -0.092           0.243           0.001           0.013           0.000          -0.173          0.716            0.012           0.028          -0.000          -1.872
   4C               0.008           0.000          -0.104           0.003          -0.000           0.052          -0.000          -0.014          -0.003          -0.000          -0.003          -0.000           9.001           0.005           0.243          -0.165          -0.000          -0.016          -0.000           2.023        -12.178           -0.268          -1.976           0.006          -3.386
   5H               0.000           0.000          -0.001          -0.001          -0.000           0.000          -0.000           0.000          -0.000          -0.000           0.000           0.000           0.144          -0.001           0.001          -0.000           0.000          -0.000          -0.000           0.039         -0.229           -0.001          -0.024           0.000          -0.073
   6C               0.034           0.000           0.008           0.098           0.001           0.041           0.000          -0.011           0.010           0.000          -0.019          -0.000           0.859          -0.018           0.013          -0.016          -0.000           0.008           0.000           0.283         -4.566           -0.115          -0.856           0.006          -4.241
   7H               0.000           0.000           0.000           0.001           0.000           0.000           0.000          -0.000           0.000           0.000          -0.000          -0.000           0.000          -0.000           0.000          -0.000          -0.000           0.000           0.000           0.000         -0.024           -0.000          -0.006           0.000          -0.028
   8C               0.035           0.000           0.002           0.014           0.000           0.002           0.000           0.004          -0.023          -0.000          -0.008          -0.000          -1.269           0.014          -0.173           2.023           0.039           0.283           0.000          -0.014          0.007           -0.000           0.019           0.000           0.957
   9C              -0.009          -0.000          -0.008           0.001           0.000          -0.019          -0.000          -0.043          -0.030          -0.000           0.256          -0.000           1.254          -0.020           0.716         -12.178          -0.229          -4.566          -0.024           0.007         -0.050           -0.000           0.001           0.000         -14.942
   10H             -0.000          -0.000          -0.000          -0.000          -0.000          -0.000          -0.000          -0.001          -0.001          -0.000           0.006           0.000           0.010          -0.000           0.012          -0.268          -0.001          -0.115          -0.000          -0.000         -0.000           -0.000          -0.000          -0.000          -0.359
   11C              0.087           0.001           0.007           0.031           0.000           0.009           0.000          -0.008           0.100           0.001           0.007          -0.000           0.041          -0.001           0.028          -1.976          -0.024          -0.856          -0.006           0.019          0.001           -0.000           0.041           0.000          -2.499
   12H              0.001           0.000           0.000           0.000           0.000           0.000           0.000          -0.000           0.001           0.000          -0.000          -0.000           0.000           0.000          -0.000           0.006           0.000           0.006           0.000           0.000          0.000           -0.000           0.000           0.000           0.013
   13C              0.181           0.001           0.011           0.065           0.000           0.013           0.000          -0.013           0.022           0.000          -0.023          -0.000          -0.034          -0.005           0.051           0.008           0.000           0.034           0.000           0.035         -0.009           -0.000           0.087           0.001           0.426
   14H              0.001           0.000           0.000           0.000           0.000           0.000           0.000          -0.000           0.000           0.000          -0.000          -0.000          -0.000           0.000           0.000           0.000           0.000           0.000           0.000           0.000         -0.000           -0.000           0.001           0.000           0.002
   15C              0.011           0.000          -0.000           0.005           0.000          -0.002          -0.000          -0.000           0.010           0.000           0.002           0.000           0.041          -0.003           0.004          -0.104          -0.001           0.008           0.000           0.002         -0.008           -0.000           0.007           0.000          -0.029
   16C              0.065           0.000           0.005           0.025           0.000           0.007           0.000          -0.005           0.081           0.000          -0.020          -0.000           0.007           0.001          -0.011           0.003          -0.001           0.098           0.001           0.014          0.001           -0.000           0.031           0.000           0.304
   17H              0.000           0.000           0.000           0.000           0.000           0.000           0.000          -0.000           0.000           0.000          -0.000          -0.000           0.000           0.000          -0.000          -0.000          -0.000           0.001           0.000           0.000          0.000           -0.000           0.000           0.000           0.002
   18C              0.013           0.000          -0.002           0.007           0.000          -0.008          -0.000           0.001           0.008           0.000          -0.008          -0.000          -0.053          -0.000          -0.001           0.052           0.000           0.041           0.000           0.002         -0.019           -0.000           0.009           0.000           0.043
   19H              0.000           0.000          -0.000           0.000           0.000          -0.000          -0.000           0.000           0.000           0.000          -0.000          -0.000          -0.000          -0.000          -0.000          -0.000          -0.000           0.000           0.000           0.000         -0.000           -0.000           0.000           0.000          -0.000
   20C             -0.013          -0.000          -0.000          -0.005          -0.000           0.001           0.000          -0.002          -0.006          -0.000          -0.003          -0.000           0.164          -0.007           0.000          -0.014           0.000          -0.011          -0.000           0.004         -0.043           -0.001          -0.008          -0.000           0.057
   21C              0.022           0.000           0.010           0.081           0.000           0.008           0.000          -0.006           0.010           0.000          -0.011          -0.000          -0.017           0.002           0.005          -0.003          -0.000           0.010           0.000          -0.023         -0.030           -0.001           0.100           0.001           0.158
   22H              0.000           0.000           0.000           0.000           0.000           0.000           0.000          -0.000           0.000           0.000          -0.000          -0.000           0.000          -0.000           0.000          -0.000          -0.000           0.000           0.000          -0.000         -0.000           -0.000           0.001           0.000           0.001
   23C             -0.023          -0.000           0.002          -0.020          -0.000          -0.008          -0.000          -0.003          -0.011          -0.000          -0.006          -0.000          -0.067           0.002          -0.007          -0.003           0.000          -0.019          -0.000          -0.008          0.256            0.006           0.007          -0.000           0.098
   24H             -0.000          -0.000           0.000          -0.000          -0.000          -0.000          -0.000          -0.000          -0.000          -0.000          -0.000          -0.000          -0.000          -0.000          -0.000          -0.000           0.000          -0.000          -0.000          -0.000         -0.000            0.000          -0.000          -0.000          -0.001
   sum              0.426           0.002          -0.029           0.304           0.002           0.043          -0.000           0.057           0.158           0.001           0.098          -0.001         -17.281          -0.151          -1.872          -3.385          -0.073          -4.241          -0.028           0.957        -14.943           -0.359          -2.499           0.013         -42.802

---------------
 Largest Pairs
---------------
rank    pair            transfer (meV)  ratio (%)
1       4C - 37C                 9.001      -21.0
2       1C - 40C                 9.001      -21.0
3       8C - 40C                 2.023       -4.7
4       4C - 44C                 2.023       -4.7
5       9C - 37C                 1.254       -2.9
6       1C - 45C                 1.254       -2.9
7       6C - 37C                 0.859       -2.0
8       1C - 42C                 0.859       -2.0
9       3C - 45C                 0.716       -1.7
10      9C - 39C                 0.716       -1.7
567     8C - 37C                -1.269        3.0
568     4C - 47C                -1.976        4.6
569     11C - 40C               -1.976        4.6
570     1C - 39C                -2.663        6.2
571     3C - 37C                -2.663        6.2
572     9C - 42C                -4.566       10.7
573     6C - 45C                -4.566       10.7
574     9C - 40C               -12.178       28.5
575     4C - 45C               -12.178       28.5
576     1C - 37C               -24.573       57.4

---------------
 Element Pairs
---------------
C-C       -41.617
C-H        -1.186

APTA results saved to: example/anthracene/anthracene_apta_HOMO.csv

Timestamp: Sat Apr 05 14:34:03 2025
Elapsed Time: 1270095 ms

---
> python -m src.tcal example/anthracene/anthracene.xyz -l -o
-----------------------------
 tcal-pyscf 1.0 (2025.04.05)
-----------------------------

Input File Name: example/anthracene/anthracene.xyz
Timestamp: Sat Apr 05 14:41:20 2025

converged SCF energy = -539.387826655907
converged SCF energy = -539.387826655907
converged SCF energy = -1078.77804526257

--------------------
 Transfer Integrals
--------------------
NLUMO      -9.517       meV
 LUMO      38.445       meV
 HOMO     -42.802       meV
NHOMO       2.596       meV

-------------------------------
 Atomic Pair Transfer Analysis
-------------------------------
  atom             25C             26H             27C             28C             29H             30C             31H             32C             33C             34H             35C             36H             37C             38H             39C             40C             41H             42C             43H             44C            45C              46H             47C             48H             sum
   1C              -0.015          -0.001          -0.100           0.005           0.000           0.072           0.000          -0.267          -0.047           0.000           0.117           0.000          50.383           0.257          -4.953         -21.144          -0.008           1.668          -0.006          -1.595         -2.888            0.005           0.060           0.000          21.545
   2H              -0.010           0.000           0.005           0.001           0.000           0.000           0.000           0.011           0.005          -0.000          -0.004           0.000           0.257          -0.009           0.009          -0.002           0.002          -0.033           0.000           0.019          0.044            0.000          -0.001           0.000           0.294
   3C              -0.064          -0.000           0.008           0.017           0.000           0.001          -0.000           0.000          -0.007          -0.000          -0.008          -0.000          -4.953           0.009           0.140           0.433          -0.007          -0.018          -0.000           0.255          1.764            0.005          -0.058          -0.000          -2.485
   4C              -0.011           0.000           0.231           0.026          -0.000          -0.177           0.000           0.026          -0.005          -0.000          -0.000           0.000         -21.144          -0.002           0.433           0.425          -0.006          -0.020          -0.000           3.828         30.098            0.360          -4.024          -0.011          10.026
   5H               0.004          -0.000          -0.007          -0.005           0.000           0.009           0.000          -0.001          -0.000          -0.000           0.000           0.000          -0.008           0.002          -0.007          -0.006           0.000          -0.000          -0.000          -0.003          0.160           -0.003           0.032           0.000           0.167
   6C              -0.043          -0.000           0.005          -0.134          -0.001           0.074           0.000          -0.015          -0.015          -0.000          -0.026          -0.000           1.668          -0.033          -0.018          -0.020          -0.000          -0.011          -0.000          -0.469         -9.879           -0.109           1.631           0.009          -7.388
   7H              -0.000          -0.000           0.000          -0.001          -0.000          -0.002           0.000          -0.000          -0.000          -0.000          -0.000          -0.000          -0.006           0.000          -0.000          -0.000          -0.000          -0.000          -0.000           0.003          0.032            0.001          -0.020          -0.000           0.006
   8C              -0.042          -0.000           0.002          -0.017          -0.000           0.004           0.000           0.003           0.031           0.000          -0.009           0.000          -1.595           0.019           0.255           3.828          -0.003          -0.469           0.003           0.008          0.008           -0.000          -0.022          -0.000           2.003
   9C              -0.025          -0.000           0.012          -0.001          -0.000           0.028           0.000           0.058          -0.023          -0.001          -0.631           0.001          -2.888           0.044           1.763          30.098           0.160          -9.879           0.032           0.008          0.075            0.000          -0.005           0.000          18.828
   10H              0.000          -0.000           0.000          -0.000          -0.000           0.000           0.000          -0.001          -0.003          -0.000           0.002           0.000           0.005           0.000           0.005           0.360          -0.003          -0.109           0.001          -0.000          0.000            0.000          -0.000          -0.000           0.257
   11C             -0.111          -0.001           0.006          -0.042          -0.000           0.011           0.000          -0.014          -0.139          -0.001           0.020          -0.000           0.060          -0.001          -0.058          -4.024           0.032           1.631          -0.020          -0.022         -0.005           -0.000          -0.054          -0.000          -2.732
   12H             -0.001          -0.000           0.000          -0.000          -0.000           0.000           0.000          -0.000          -0.001          -0.000           0.000          -0.000           0.000           0.000          -0.000          -0.011           0.000           0.009          -0.000          -0.000          0.000           -0.000          -0.000          -0.000          -0.005
   13C             -0.228          -0.001           0.007          -0.086          -0.001           0.013           0.000          -0.022          -0.031          -0.000          -0.031          -0.000          -0.015          -0.010          -0.064          -0.011           0.004          -0.043          -0.000          -0.042         -0.025            0.000          -0.111          -0.001          -0.699
   14H             -0.001          -0.000           0.000          -0.001          -0.000           0.000           0.000          -0.000          -0.000          -0.000          -0.000          -0.000          -0.001           0.000          -0.000           0.000          -0.000          -0.000          -0.000          -0.000         -0.000           -0.000          -0.001          -0.000          -0.004
   15C              0.007           0.000           0.001           0.005           0.000           0.004           0.000           0.000           0.012           0.000          -0.003          -0.000          -0.100           0.005           0.008           0.231          -0.007           0.005           0.000           0.002          0.012            0.000           0.006           0.000           0.190
   16C             -0.086          -0.001           0.005          -0.034          -0.000           0.008           0.000          -0.009          -0.115          -0.001          -0.033          -0.000           0.005           0.001           0.017           0.026          -0.005          -0.134          -0.001          -0.017         -0.001           -0.000          -0.042          -0.000          -0.418
   17H             -0.001          -0.000           0.000          -0.000          -0.000           0.000           0.000          -0.000          -0.001          -0.000          -0.000          -0.000           0.000           0.000           0.000          -0.000           0.000          -0.001          -0.000          -0.000         -0.000           -0.000          -0.000          -0.000          -0.003
   18C              0.013           0.000           0.004           0.008           0.000           0.011           0.000          -0.001           0.006           0.000           0.010           0.000           0.072           0.000           0.001          -0.177           0.009           0.074          -0.002           0.004          0.028            0.000           0.011           0.000           0.073
   19H              0.000           0.000           0.000           0.000           0.000           0.000           0.000           0.000           0.000           0.000           0.000           0.000           0.000           0.000          -0.000           0.000           0.000           0.000           0.000           0.000          0.000            0.000           0.000           0.000           0.002
   20C             -0.022          -0.000           0.000          -0.009          -0.000          -0.001           0.000           0.001          -0.009          -0.000           0.003           0.000          -0.267           0.011           0.000           0.026          -0.001          -0.015          -0.000           0.003          0.058           -0.001          -0.014          -0.000          -0.237
   21C             -0.031          -0.000           0.012          -0.115          -0.001           0.006           0.000          -0.009          -0.015          -0.000          -0.015          -0.000          -0.047           0.005          -0.007          -0.005          -0.000          -0.015          -0.000           0.031         -0.023           -0.003          -0.139          -0.001          -0.373
   22H             -0.000          -0.000           0.000          -0.001          -0.000           0.000           0.000          -0.000          -0.000          -0.000          -0.000          -0.000           0.000          -0.000          -0.000          -0.000          -0.000          -0.000          -0.000           0.000         -0.001           -0.000          -0.001          -0.000          -0.002
   23C             -0.031          -0.000          -0.003          -0.033          -0.000           0.010           0.000           0.003          -0.015          -0.000           0.007           0.000           0.117          -0.004          -0.008          -0.000           0.000          -0.026          -0.000          -0.009         -0.631            0.002           0.020           0.000          -0.602
   24H             -0.000          -0.000          -0.000          -0.000          -0.000           0.000           0.000           0.000          -0.000          -0.000           0.000           0.000           0.000           0.000          -0.000           0.000           0.000          -0.000          -0.000           0.000          0.001            0.000          -0.000          -0.000           0.001
   sum             -0.699          -0.004           0.190          -0.418          -0.003           0.073           0.002          -0.237          -0.373          -0.002          -0.602           0.001          21.545           0.294          -2.485          10.025           0.167          -7.388           0.006           2.003         18.828            0.257          -2.732          -0.005          38.445

---------------
 Largest Pairs
---------------
rank    pair            transfer (meV)  ratio (%)
1       1C - 37C                50.383      131.1
2       9C - 40C                30.098       78.3
3       4C - 45C                30.098       78.3
4       8C - 40C                 3.828       10.0
5       4C - 44C                 3.828       10.0
6       3C - 45C                 1.764        4.6
7       9C - 39C                 1.763        4.6
8       6C - 37C                 1.668        4.3
9       1C - 42C                 1.668        4.3
10      11C - 42C                1.631        4.2
567     1C - 45C                -2.888       -7.5
568     9C - 37C                -2.888       -7.5
569     4C - 47C                -4.024      -10.5
570     11C - 40C               -4.024      -10.5
571     3C - 37C                -4.953      -12.9
572     1C - 39C                -4.953      -12.9
573     6C - 45C                -9.879      -25.7
574     9C - 42C                -9.879      -25.7
575     1C - 40C               -21.144      -55.0
576     4C - 37C               -21.144      -55.0

---------------
 Element Pairs
---------------
C-C        37.012
C-H         1.442

APTA results saved to: example/anthracene/anthracene_apta_LUMO.csv

Timestamp: Sat Apr 05 14:58:56 2025
Elapsed Time: 1056313 ms